file	sum_file	class1	class2	class3	class4	class5	class6	class7	class8	class9	class10	class11	class12	class13	class14	class15
run1	22270	21470	313	161	167	78	19	5	13	15	1	0	11	4	10	3
run2	22687	21876	308	161	162	97	16	6	22	10	0	0	12	4	11	2
run3	22689	21851	332	164	159	90	14	5	15	19	2	0	22	2	12	2
run4	22233	21405	316	155	190	82	14	4	19	20	1	0	13	3	9	2
run5	22687	21882	311	161	171	81	15	6	24	12	1	0	8	2	8	5
run6	22688	21865	312	161	166	92	16	5	15	19	2	0	15	3	11	6
run7	22244	21413	318	158	185	86	20	4	12	19	3	0	8	3	13	2
run8	22689	21866	317	156	164	93	18	5	17	20	1	0	16	4	10	2
run9	22690	21859	319	157	171	96	16	4	19	16	2	0	11	6	9	5
run10	22689	21858	314	157	172	90	14	4	19	22	1	0	14	5	13	6
run11	22357	21524	308	171	179	88	17	6	18	12	1	0	13	6	12	2
run12	22690	21918	296	164	137	91	17	6	21	10	1	0	10	5	8	6
run13	22691	21918	313	151	127	100	10	5	24	7	1	2	14	5	8	6
run14	22356	21579	311	163	153	80	13	6	19	4	1	0	11	4	10	2
run15	22013	21229	316	165	145	94	9	5	25	4	4	1	8	3	3	2
run16	22689	21900	318	174	129	100	11	3	21	9	1	0	5	5	9	4
run17	22685	21879	311	173	141	104	8	2	25	6	2	0	15	5	10	4
run18	22687	21909	332	151	132	96	10	4	24	8	2	0	5	3	4	7
run19	22380	21587	321	172	136	93	15	4	18	8	1	1	10	3	8	3
run20	22382	21571	326	169	155	87	14	5	20	7	1	3	7	6	10	1
run21	22688	21901	307	151	167	84	8	3	28	13	1	0	6	4	9	6
run22	22692	21905	330	158	129	99	10	5	22	5	0	0	13	5	7	4
run23	22690	21909	330	157	128	101	12	3	17	6	1	0	8	3	10	5
run24	22691	21912	325	164	131	94	9	2	23	11	0	0	7	5	6	2
run25	22690	21876	322	169	154	94	8	5	20	13	1	1	7	3	11	6
run26	22410	21605	324	172	154	82	11	5	19	9	1	0	10	6	10	2
run27	22692	21878	315	169	158	97	12	2	26	7	0	0	11	4	8	5
run28	22690	21897	330	164	154	88	8	4	20	7	2	0	5	2	3	6
run29	22086	21326	321	161	136	81	12	5	19	8	2	0	7	3	3	2
run30	22690	21923	316	168	137	82	12	3	19	5	1	0	10	3	9	2
